 3.88502410195795e+02  6.41017747449970e+03 -3.24622704994317e+00 
-2.71124690992671e+03  5.83722972423483e+03 -3.25780762386967e+00 
 2.89923582590633e+03  5.83718062412787e+03 -3.34037199618615e+00 
-1.37323464855828e+03  4.90234519783287e+03 -2.03944341763872e+00 
 6.74537897487496e+02  4.01461063256794e+03 -1.30428421656234e+00 
 3.77966289039346e+03  3.90953241414590e+03 -2.32203502377956e+00 
-8.02102958672022e+02  3.75107723428071e+03 -1.15794755988986e+00 
 1.69200139441919e+03  3.61738227260022e+03 -1.25424486403313e+00 
-3.51149623657528e+03  3.58711889601095e+03 -1.97863704150700e+00 
-1.73867876552553e+03  3.41737536708183e+03 -1.15603618184491e+00 
-8.80529485266128e+01  3.37638505444707e+03 -8.97948391983391e-01 
 5.55098831839194e+02  3.32626032908854e+03 -8.95030040407391e-01 
-2.57135407789031e+02  3.30077276987851e+03 -8.62778893043696e-01 
 2.65114021797796e+02  3.26474162094149e+03 -8.44484342623673e-01 
 1.29547014356709e+03  3.24726102376302e+03 -9.61466205932084e-01 
 3.40396335373651e+02  3.24445129826936e+03 -8.37658611129200e-01 
-5.06735269297712e+00  3.16784933051074e+03 -7.89921122590385e-01 
-2.79048817246491e+02  3.15132689578165e+03 -7.87799663905616e-01 
 1.34413661071402e+02  3.12760467741277e+03 -7.71391257836967e-01 
 4.51615126211185e+02  3.12249625437654e+03 -7.83437701465800e-01 
 4.27607619321742e+01  3.06363661296830e+03 -7.38945213674697e-01 
 2.93500599610590e+02  3.03846644208808e+03 -7.33459252263856e-01 
 5.14391807228071e+00  3.02671881327437e+03 -7.21105746258445e-01 
-5.35896430607015e+02  3.02249258991253e+03 -7.41584886138526e-01 
-2.28343596806150e+02  3.00853460531006e+03 -7.16548956602082e-01 
 9.50040085294297e+01  2.97893578515702e+03 -6.99222086049986e-01 
 4.80039004842760e+02  2.96983458378466e+03 -7.12302337444953e-01 
 3.82046270289433e+02  2.96484961379819e+03 -7.03356946365147e-01 
 2.73669774442128e+01  2.94844842522159e+03 -6.84349316524958e-01 
 8.56355144447542e+01  2.94345921470043e+03 -6.82551155777901e-01 
 3.04551741337239e+02  2.93170359665053e+03 -6.83804990336284e-01 
 6.18222301853057e+01  2.92649710463438e+03 -6.74438781796880e-01 
 1.99585589763638e+02  2.90487684309441e+03 -6.67335456466390e-01 
-2.96849366910296e+01  2.89789419105460e+03 -6.61095069589919e-01 
-8.15160058949317e+00  2.86773907366258e+03 -6.47345716161453e-01 
 2.64673127693469e+02  2.86562938837504e+03 -6.51875180860088e-01 
 3.74523328207706e+02  2.86507179597011e+03 -6.57123263920084e-01 
 4.82131868265410e+02  2.86007859881659e+03 -6.62093276597943e-01 
 7.56249263120496e+01  2.85532198138753e+03 -6.42194725548507e-01 
 1.90934903724797e+02  2.85110769731828e+03 -6.42709215282821e-01 
-2.02026674806922e+02  2.82350222163420e+03 -6.30719978033085e-01 
 1.77868505746914e+02  2.79866898905872e+03 -6.19011317931836e-01 
 2.33865747774796e+02  2.78259255471971e+03 -6.13754371611094e-01 
 1.26229039454432e+02  2.77971188110036e+03 -6.09457321141690e-01 
 3.30629736806190e+02  2.75731289144761e+03 -6.07008970855759e-01 
 4.33917033593167e+00  2.74811622234120e+03 -5.94462906249419e-01 
 4.74145256729693e+02  2.69156482464065e+03 -5.87855591714288e-01 
-2.67762733077356e+02  2.69057417366006e+03 -5.75443130846452e-01 
 9.65758396922631e+02  2.65095542616101e+03 -6.26221870157224e-01 
 1.81994257279839e+02  2.63891307711169e+03 -5.50749578949535e-01 
-4.84305635514207e+02  2.63358219717978e+03 -5.64314021896280e-01 
 3.54409110147856e-01  2.61585478623608e+03 -5.38617844585133e-01 
 3.07185513377580e+02  2.58170409903481e+03 -5.32036941871866e-01 
 3.47644748766608e+02  2.55864303009532e+03 -5.24781112608252e-01 
-1.93581719304935e+02  2.48913480902230e+03 -4.90632332719770e-01 
 6.70780017700617e+01  2.43869294731646e+03 -4.68483710827968e-01 
-7.56244646323396e+02  2.38146038133912e+03 -4.91210535859182e-01 
-1.95814985845562e+03  2.30725088203676e+03 -7.19350868671313e-01 
-4.99257292851471e+02  2.00231829282593e+03 -3.35110279220658e-01 
 1.03269334913294e+02  1.84656450652849e+03 -2.69235140980413e-01 
 3.51297425029631e+03  1.31062436713753e+03 -1.10180913352576e+00 
-3.32507407378306e+03  1.31068420722126e+03 -1.00118493414845e+00 
 7.74398629539876e+01  8.27384719721886e+02 -5.43547248848881e-02 
-1.34651740247513e+03  6.47477711667063e+02 -1.75009539635028e-01 
 6.22914599786466e+02  2.90297593223551e+03 -6.93738040614789e-01 
 2.92161118879580e+01  3.09656341772060e+03 -7.54834936742782e-01 
-5.43135548193358e+01  3.16064300210965e+03 -7.86560373249358e-01 
 7.49507423038893e+04  5.26049111304741e+04 -6.57869077597370e+02 
-5.32977901793467e+04  5.22718176945104e+04 -4.37591764317596e+02 
-3.18599003324113e+04  5.21430506094989e+04 -2.93532884624390e+02 
-1.51208364279403e+04  4.77738347360033e+04 -1.97567906824261e+02 
-7.90733868265108e+04  4.58706247245775e+04 -6.55401269925096e+02 
-2.89320579757737e+03  4.10144386769609e+04 -1.33071275871906e+02 
 3.67951161126993e+03  3.32812308120895e+04 -8.82493782453857e+01 
 6.85942874129150e+04  2.68433792428331e+04 -4.25267550842704e+02 
 1.00260276182093e+04  2.56221343552513e+04 -5.95495942625585e+01 
 1.25086599258264e+04  1.86551368382904e+04 -3.96492311304664e+01 
 1.19560978981569e+04  1.29380430838960e+04 -2.43727020824572e+01 
-6.58527649704340e+03  1.11831698958341e+04 -1.32409328092535e+01 
-1.04312568603967e+04  1.08221474852611e+04 -1.77415742810344e+01 
-3.50627351035705e+03  1.06991459309092e+04 -9.97351827587408e+00 
-1.19428368644406e+03  9.70820129079655e+03 -7.53049860213105e+00 
-1.49312297795748e+04  9.21319740507871e+03 -2.41433716316483e+01 
 4.16715006772222e+02  8.47224261447920e+03 -5.66364200991939e+00 
 5.81028930565717e+04  8.21623177420158e+03 -2.69738782821300e+02 
 1.20586897221122e+04  8.03222760247208e+03 -1.64677399757629e+01 
 1.43071561938029e+03  7.18524951221795e+03 -4.22418125717923e+00 
 1.96770999519319e+03  5.97619346102630e+03 -3.11453934064411e+00 
-1.98983929680304e+04  5.95317415388568e+03 -3.38019979321602e+01 
 2.25244438612175e+03  5.04887012074740e+03 -2.40389437907425e+00 
 1.04487019145016e+04  4.52218531513939e+03 -1.01608219501873e+01 
-1.36728810289222e+03  4.24824679753491e+03 -1.56703050012811e+00 
-8.06383128734520e+02  4.23621935391908e+03 -1.46350307877628e+00 
-3.69786491415693e+02  4.11517941489695e+03 -1.34371390433535e+00 
-2.04528814553255e+03  4.09015739580563e+03 -1.64448931559195e+00 
 2.07671510376544e+03  4.06520688591316e+03 -1.63861876076680e+00 
 1.49510400995389e+02  3.82405492136445e+03 -1.15282143858326e+00 
-2.81028643731386e+03  3.69430947185875e+03 -1.69286992799925e+00 
-1.83889038246329e+02  3.65387753078147e+03 -1.05354920971899e+00 
 2.29111013653379e+02  3.50942031180427e+03 -9.73559195047301e-01 
 1.85071689668392e+03  3.40682451809690e+03 -1.18186673077253e+00 
-2.22086794108059e+02  3.38824561608153e+03 -9.07519707737720e-01 
 7.44693178356639e+01  3.35044287279718e+03 -8.84039146889336e-01 
-7.93182996922928e+02  3.34376196779998e+03 -9.29361341035701e-01 
-1.21683783295735e+02  3.19124105034890e+03 -8.02787613958117e-01 
 2.11812843254138e+02  3.13824642168346e+03 -7.78738804929390e-01 
-3.65786724409426e+02  3.12604718528578e+03 -7.79689278895148e-01 
 8.18915478054687e+01  3.12583137439893e+03 -7.69628547921457e-01 
 8.97613030788099e+02  3.07601600537542e+03 -8.07891337249885e-01 
 1.38915025046236e+02  3.06540963170980e+03 -7.41168843051355e-01 
-2.26687416429377e+02  3.05509773775018e+03 -7.38714272188190e-01 
-5.29910586848223e+01  3.04323749678228e+03 -7.29216121136233e-01 
 6.37386489849721e+01  3.03414654801988e+03 -7.24965475704266e-01 
 1.46414845996362e+02  3.02461139042613e+03 -7.21778916952644e-01 
 9.65370366326233e+01  3.02305985143964e+03 -7.20091192255722e-01 
-2.71468499084250e+01  3.02272765752363e+03 -7.19260896950118e-01 
 3.96665424754415e+01  3.01086511494200e+03 -7.13692523604777e-01 
 4.23917223774916e+02  3.00098987768366e+03 -7.22971474381666e-01 
-1.19784989815378e+02  3.00066498406844e+03 -7.09866479506900e-01 
 7.26564549885651e+01  2.99855898046218e+03 -7.08161613056518e-01 
 5.75695709529600e+00  2.99612020523290e+03 -7.06599968141518e-01 
-6.29912415360451e+01  2.99223976368038e+03 -7.05079028116870e-01 
 1.26327248737347e+02  2.98569819838784e+03 -7.02940061458548e-01 
-3.60828632867126e+03  2.98476007648483e+03 -1.72101096967481e+00 
 2.64666484186791e+02  2.98480876346691e+03 -7.06758598652186e-01 
 3.54995850714747e+01  2.97982306297978e+03 -6.99030019420888e-01 
-7.34283527520911e+02  2.97414392390606e+03 -7.38500021951950e-01 
-2.91774431934764e+01  2.96674106783718e+03 -6.92874572236178e-01 
 2.88325993289698e+00  2.96596505539620e+03 -6.92446155202333e-01 
 1.53425625967401e+02  2.95177329989623e+03 -6.87678543567699e-01 
 2.11512022597528e+02  2.94168364044581e+03 -6.84658267304712e-01 
-9.53868269444155e+01  2.94068751920200e+03 -6.81405658464200e-01 
-2.13418138614315e+01  2.93725112116878e+03 -6.79138738995334e-01 
 1.54370855112614e+03  2.93714017440087e+03 -8.65701474192065e-01 
 1.14649974775212e+02  2.93614188495422e+03 -6.79619787091951e-01 
-5.46859418037515e+01  2.92516676893359e+03 -6.73760898547471e-01 
 2.99915108483814e+01  2.91585424532342e+03 -6.69315475516896e-01 
 7.66310518327145e-01  2.90410264623177e+03 -6.63861504518309e-01 
 9.83559067537002e+01  2.89878069792571e+03 -6.62188246114511e-01 
 1.32121398323464e+02  2.89478921212361e+03 -6.60977513970920e-01 
-2.74990175987304e+02  2.89024105753463e+03 -6.63462066708007e-01 
-6.18986474611723e+01  2.88935748410249e+03 -6.57437334057022e-01 
 6.57397594365191e+01  2.88702930591067e+03 -6.56417153200664e-01 
 3.31237039535984e+01  2.88192968716239e+03 -6.53848856138438e-01 
 1.63166124078454e+02  2.86829215973703e+03 -6.49675476144012e-01 
 1.09285025187412e+02  2.86141924156826e+03 -6.45425918776482e-01 
-4.93492171510121e+02  2.85564350088324e+03 -6.60965982937341e-01 
-9.87673317561695e+01  2.84800473336326e+03 -6.39225871200551e-01 
-4.10357044714258e+01  2.84545522461254e+03 -6.37451126990527e-01 
 4.73768654863882e+01  2.84002283565043e+03 -6.35063888512377e-01 
-1.57858757338996e+01  2.82173027780754e+03 -6.26755322762392e-01 
 7.41686069976515e+01  2.80665245406591e+03 -6.20486673133883e-01 
 2.76463168298819e+02  2.80653828651815e+03 -6.25991837938045e-01 
-1.78087985500685e+02  2.74844734002761e+03 -5.97088772594816e-01 
 6.15625200544994e+01  2.73802737137631e+03 -5.90401529546170e-01 
 4.38178705834729e+02  2.72682128586544e+03 -6.00322576154213e-01 
-7.16296883829327e+01  2.72594307123562e+03 -5.85309180499280e-01 
 1.28613196571715e+02  2.69977850155711e+03 -5.75028489293800e-01 
-2.88489609827648e+02  2.63802382725586e+03 -5.54304597611917e-01 
 1.20971493234572e+03  2.63097508739507e+03 -6.59483131490560e-01 
 9.86501047552387e+01  2.59955723889906e+03 -5.32689476901851e-01 
-5.04514203248117e+02  2.58324874452906e+03 -5.45210255224220e-01 
 1.99512147872847e+02  2.56075323174744e+03 -5.19283126788423e-01 
 5.86912507155840e+02  2.46694759163915e+03 -5.06021741440463e-01 
 1.67908995155892e+02  2.34113097724637e+03 -4.33632758850081e-01 
-6.27687899234265e+02  2.29876365291557e+03 -4.46810027871948e-01 
-2.57885879745010e+02  2.24057496721669e+03 -4.00368395378791e-01 
 4.17312347644113e+02  2.13325296936942e+03 -3.71850449045724e-01 
 8.63182367717047e+03  1.72058955391546e+03 -6.06884568739997e+00 
-8.55287586451647e+02  2.04719602954517e+03 -3.87187856943910e-01 
-4.34929209808142e+03  1.88925389163962e+03 -1.76256232339244e+00 
-7.57186082357450e+02  1.60518579077756e+03 -2.47722487477176e-01 
-5.04090380869002e+02  1.10420268828340e+03 -1.15876122873487e-01 
 6.47571008325029e+03  5.90176552403116e+02 -3.31193046931401e+00 
-4.70987436971198e+01  5.79158410354140e+02 -2.65764124391978e-02 
-2.47511035938737e+04  4.27232120057195e+02 -4.79973128010556e+01 
-4.90328686763611e+03  3.47217922779603e+02 -1.89257853441666e+00 
 6.61909273741944e+02  9.02236954322108e+01 -3.49564729566225e-02 
 4.59134261950864e+03  2.89262636210661e+02 -1.65769455746039e+00 
 1.66270702986703e+03 -2.81836788341277e+02 -2.22787099735015e-01 
 2.86713716070935e+03  3.05604441515027e+02 -6.51213842676526e-01 
-4.61768389480185e+03 -1.58902530610036e+03 -1.86885985606989e+00 
-4.71328876924843e+03 -4.15981467862029e+03 -3.10204888423596e+00 
 4.66974198179209e+04 -4.75873801768737e+03 -1.72582104736371e+02 
-3.49129507502194e+03 -7.02777893730798e+03 -4.84235837479582e+00 
-2.89509618371196e+04 -7.64466717210610e+03 -7.02483493485870e+01 
-1.66428999864474e+03 -1.10445795673712e+04 -9.81867441022314e+00 
 3.49980756573976e+04 -1.23846284574700e+04 -1.08010009045151e+02 
 1.70863967244750e+03 -1.39776763562429e+04 -1.56073968000665e+01 
 8.01665980089465e+03 -1.54847810924297e+04 -2.39074837153003e+01 
 2.43284104356207e+04 -1.60146144741363e+04 -6.65453834109494e+01 
 1.52585823679719e+04 -1.67247112846836e+04 -4.02532081587260e+01 
-3.15207403952536e+04 -1.86244425191286e+04 -1.05123108877518e+02 
-3.47929965476056e+04 -3.33752196898792e+04 -1.82495499810888e+02 
-2.64416527220564e+04 -4.97217415559382e+04 -2.49361595005477e+02 
-1.60702955814078e+04 -6.79003292921426e+04 -3.83135140520189e+02 
 2.36440124383969e+03 -8.70260931112708e+04 -5.96586692532226e+02 
