-6.1839e+02 6.4871e+02 -6.4772e+02 1.5333e+02 4.8823e+01
-1.5121e+03 1.5897e+03 -1.5805e+03 9.3404e+01 -4.6157e-01
-2.6500e+03 2.7800e+03 -2.7759e+03 1.5324e+02 7.1613e+01
-4.0125e+03 4.2011e+03 -4.2116e+03 2.9955e+02 1.2369e+01
-5.5858e+03 5.8495e+03 -5.8619e+03 5.6765e+01 -2.4537e+01
-7.3587e+03 7.7001e+03 -7.7293e+03 1.5481e+02 -7.1670e+01
-9.3234e+03 9.7506e+03 -9.7981e+03 1.4534e+02 -1.0082e+02
-1.1472e+04 1.1989e+04 -1.2065e+04 1.2447e+02 -5.5525e+00
6.6142e+01 -5.9504e+02 5.9287e+02 2.7929e+02 -7.8622e+01
-4.0121e+02 -1.3032e+03 1.3022e+03 5.0770e+01 3.4818e+01
-1.0766e+03 -2.3191e+03 2.3348e+03 -7.1031e+01 -9.1318e+01
-1.9365e+03 -3.6178e+03 3.6441e+03 2.8211e+02 -7.3743e+01
-2.9662e+03 -5.1736e+03 5.2114e+03 -9.5538e+01 3.7989e+01
-4.1549e+03 -6.9828e+03 7.0083e+03 1.9430e+02 1.4705e+02
-5.4947e+03 -9.0190e+03 9.0367e+03 9.7673e+01 -4.5987e-03
-6.9791e+03 -1.1263e+04 1.1297e+04 -9.9147e+01 1.7423e+01
-8.4778e+03 -1.3821e+04 1.3744e+04 9.4708e+01 4.5353e-01
7.0535e+02 -2.5782e+02 2.5589e+02 1.3338e+02 -1.1540e+02
1.6988e+03 -1.9731e+02 1.9344e+02 6.2969e+01 1.1082e+02
3.2340e+03 -1.0135e+02 9.9348e+01 8.5044e+01 1.4764e+02
4.9621e+03 5.4220e+00 -7.8356e+00 -9.2998e+01 -4.6785e+01
7.1508e+03 1.4161e+02 -1.4266e+02 -3.8009e+00 1.4452e+02
9.6782e+03 2.9769e+02 -2.9949e+02 5.3722e+01 9.5748e+01
1.2527e+04 4.7096e+02 -4.7889e+02 1.1671e+02 -2.8444e+00
1.5682e+04 6.6387e+02 -6.7675e+02 5.5425e+01 9.9233e+01
1.9134e+04 8.7654e+02 -8.9148e+02 -2.0832e+01 1.3648e+02
-8.9372e+02 9.4102e+02 -9.3282e+02 -4.7785e+01 1.1743e+02
-2.0316e+03 2.1313e+03 -2.1282e+03 2.9555e+02 3.7650e+01
-3.3941e+03 3.5524e+03 -3.5639e+03 1.5246e+02 -4.2370e+01
-4.9674e+03 5.2008e+03 -5.2141e+03 -9.3582e+01 4.4330e+01
-6.7404e+03 7.0514e+03 -7.0816e+03 1.1181e+02 1.3328e+02
-8.7050e+03 9.1019e+03 -9.1504e+03 1.3617e+02 1.0962e+02
-1.0854e+04 1.1340e+04 -1.1418e+04 -2.5559e-01 1.4457e+02
6.8453e+02 -1.2437e+03 1.2406e+03 1.4403e+02 -9.9607e+01
2.1718e+02 -1.9519e+03 1.9499e+03 1.3311e+02 -1.5244e+02
-4.5820e+02 -2.9678e+03 2.9825e+03 7.6435e+01 6.0396e+00
-1.3181e+03 -4.2665e+03 4.2918e+03 1.4556e+02 -9.5594e+01
-2.3478e+03 -5.8223e+03 5.8591e+03 4.7179e+01 7.1302e+01
-3.5365e+03 -7.6316e+03 7.6560e+03 7.3280e+01 -7.0877e+00
-4.8763e+03 -9.6678e+03 9.6844e+03 -3.8400e+01 1.2620e+02
-6.3607e+03 -1.1911e+04 1.1944e+04 4.7329e+01 5.7428e+01
-7.8594e+03 -1.4470e+04 1.4392e+04 2.2494e+02 -1.3574e+02
1.3237e+03 -9.0652e+02 9.0361e+02 1.4689e+02 9.4683e+01
2.3172e+03 -8.4602e+02 8.4116e+02 5.5631e+01 -9.9668e+01
3.8524e+03 -7.5006e+02 7.4706e+02 2.0675e+02 1.4327e+02
5.5805e+03 -6.4328e+02 6.3988e+02 5.6491e+01 2.3967e+01
7.7692e+03 -5.0710e+02 5.0505e+02 1.1766e+02 1.4842e+02
1.0297e+04 -3.5101e+02 3.4823e+02 6.5710e+01 -1.1446e+02
1.3145e+04 -1.7775e+02 1.6883e+02 -1.0288e+01 1.4184e+02
1.6301e+04 1.5170e+01 -2.9033e+01 6.3246e+01 -1.1123e+02
1.9752e+04 2.2784e+02 -2.4376e+02 1.0237e+02 1.4261e+02
-1.1379e+03 1.1903e+03 -1.1954e+03 -1.8412e+01 -1.3800e+02
-2.5004e+03 2.6114e+03 -2.6311e+03 9.8585e+01 1.1253e-02
-4.0737e+03 4.2598e+03 -4.2813e+03 2.7613e+02 8.4287e+01
-5.8466e+03 6.1104e+03 -6.1488e+03 1.9658e+02 -1.4643e+02
-7.8113e+03 8.1609e+03 -8.2176e+03 1.5629e+02 -1.5289e+02
-9.9599e+03 1.0399e+04 -1.0485e+04 2.8907e+02 -5.7039e+01
1.5782e+03 -2.1848e+03 2.1734e+03 5.8073e+01 2.1994e+01
1.1109e+03 -2.8929e+03 2.8827e+03 -4.6000e+01 1.1938e+02
4.3551e+02 -3.9088e+03 3.9153e+03 6.1068e+01 -1.7412e+01
-4.2438e+02 -5.2075e+03 5.2246e+03 6.0585e+01 1.9265e+01
-1.4541e+03 -6.7634e+03 6.7920e+03 1.2368e+02 -6.3432e+00
-2.6428e+03 -8.5726e+03 8.5888e+03 1.5468e+02 7.3432e+01
-3.9826e+03 -1.0609e+04 1.0617e+04 2.9949e+02 -1.3563e+01
-5.4669e+03 -1.2852e+04 1.2877e+04 1.1251e+02 -1.9826e+00
-6.9657e+03 -1.5411e+04 1.5325e+04 -9.7240e+01 3.0892e+01
2.2175e+03 -1.8475e+03 1.8364e+03 1.3274e+02 -1.5236e+02
3.2109e+03 -1.7870e+03 1.7740e+03 6.0417e+01 1.5334e+02
4.7461e+03 -1.6911e+03 1.6799e+03 1.0432e+02 -1.3885e+02
6.4743e+03 -1.5843e+03 1.5727e+03 8.3096e+01 -2.8663e+00
8.6629e+03 -1.4481e+03 1.4379e+03 1.5103e+02 -8.2668e+01
1.1190e+04 -1.2920e+03 1.2810e+03 3.8454e+01 1.5393e+02
1.4039e+04 -1.1188e+03 1.1016e+03 2.9299e+02 -4.6912e+01
1.7194e+04 -9.2585e+02 9.0378e+02 4.3359e+01 1.5406e+02
2.0646e+04 -7.1318e+02 6.8906e+02 1.5377e+02 -7.0024e+01
-1.3625e+03 1.4211e+03 -1.4357e+03 1.5455e+02 -6.4605e+01
-2.9358e+03 3.0695e+03 -3.0859e+03 -7.8928e+01 7.8902e+01
-4.7088e+03 4.9201e+03 -4.9533e+03 1.3286e+02 1.1487e+02
-6.6734e+03 6.9706e+03 -7.0222e+03 1.4864e+02 8.7190e+01
-8.8220e+03 9.2090e+03 -9.2893e+03 3.2744e+01 1.5218e+02
2.7161e+03 -3.3751e+03 3.3688e+03 1.2778e+02 -1.2080e+02
2.2488e+03 -4.0832e+03 4.0781e+03 1.0341e+02 -1.4372e+02
1.5734e+03 -5.0991e+03 5.1107e+03 6.1498e+01 1.8178e+01
7.1350e+02 -6.3978e+03 6.4200e+03 1.3050e+02 -1.1723e+02
-3.1621e+02 -7.9537e+03 7.9874e+03 5.4607e+01 9.4601e+01
-1.5049e+03 -9.7629e+03 9.7842e+03 9.0811e+01 -6.3580e-01
-2.8447e+03 -1.1799e+04 1.1813e+04 -7.6856e+00 1.4425e+02
-4.3291e+03 -1.4043e+04 1.4073e+04 5.0380e+01 8.0567e+01
-5.8278e+03 -1.6601e+04 1.6520e+04 1.9285e+02 -1.5017e+02
3.3553e+03 -3.0378e+03 3.0318e+03 1.5416e+02 7.1252e+01
4.3488e+03 -2.9773e+03 2.9694e+03 4.6722e+01 -7.6387e+01
5.8840e+03 -2.8814e+03 2.8753e+03 2.3748e+02 1.2559e+02
7.6121e+03 -2.7746e+03 2.7681e+03 4.8198e+01 4.3077e+01
9.8008e+03 -2.6384e+03 2.6333e+03 1.4894e+02 1.5350e+02
1.2328e+04 -2.4823e+03 2.4765e+03 5.1791e+01 -9.2310e+01
1.5177e+04 -2.3091e+03 2.2971e+03 2.2551e+01 1.5221e+02
1.8332e+04 -2.1161e+03 2.0992e+03 5.0432e+01 -8.8756e+01
2.1784e+04 -1.9035e+03 1.8845e+03 1.3183e+02 1.5168e+02
-1.5733e+03 1.6484e+03 -1.6502e+03 5.9869e+01 -1.9598e+01
-3.3463e+03 3.4989e+03 -3.5177e+03 1.5284e+02 -7.8751e+01
-5.3109e+03 5.5495e+03 -5.5865e+03 1.4053e+02 -1.0745e+02
-7.4595e+03 7.7879e+03 -7.8536e+03 1.2902e+02 -8.5035e+00
4.0786e+03 -4.7962e+03 4.8045e+03 2.7308e+02 -8.9047e+01
3.6113e+03 -5.5043e+03 5.5138e+03 4.9173e+01 4.0891e+01
2.9359e+03 -6.5202e+03 6.5464e+03 -7.7454e+01 -8.1064e+01
2.0760e+03 -7.8189e+03 7.8557e+03 2.7626e+02 -8.4420e+01
1.0463e+03 -9.3748e+03 9.4231e+03 -9.2297e+01 4.9880e+01
-1.4239e+02 -1.1184e+04 1.1220e+04 2.0467e+02 1.4293e+02
-1.4822e+03 -1.3220e+04 1.3248e+04 1.0287e+02 -1.7199e-01
-2.9666e+03 -1.5464e+04 1.5508e+04 -9.7465e+01 2.9677e+01
-4.4653e+03 -1.8022e+04 1.7956e+04 8.9609e+01 1.5429e+00
4.7178e+03 -4.4590e+03 4.4675e+03 1.2707e+02 -1.2126e+02
5.7113e+03 -4.3985e+03 4.4051e+03 6.8820e+01 1.1694e+02
7.2465e+03 -4.3025e+03 4.3110e+03 9.4345e+01 1.4475e+02
8.9746e+03 -4.1957e+03 4.2038e+03 -9.6064e+01 -3.4851e+01
1.1163e+04 -4.0595e+03 4.0690e+03 6.6338e+00 1.4861e+02
1.3691e+04 -3.9035e+03 3.9121e+03 5.8081e+01 1.0247e+02
1.6539e+04 -3.7302e+03 3.7327e+03 1.2154e+02 -5.0548e+00
1.9695e+04 -3.5373e+03 3.5349e+03 6.0125e+01 1.0585e+02
2.3147e+04 -3.3246e+03 3.3202e+03 -1.0803e+01 1.4196e+02
-1.7729e+03 1.8506e+03 -1.8674e+03 1.2051e+02 -1.4906e+02
-3.7376e+03 3.9011e+03 -3.9362e+03 8.7483e+01 -1.3338e+02
-5.8862e+03 6.1395e+03 -6.2034e+03 2.3741e+02 -1.2530e+02
5.6520e+03 -6.4446e+03 6.4547e+03 4.7188e+01 7.0733e+01
5.1846e+03 -7.1527e+03 7.1640e+03 2.7860e+01 1.5363e+02
4.5092e+03 -8.1686e+03 8.1966e+03 1.0065e+02 -1.6674e-02
3.6493e+03 -9.4673e+03 9.5059e+03 4.7191e+01 6.6678e+01
2.6196e+03 -1.1023e+04 1.1073e+04 1.5081e+02 -4.3501e+01
1.4309e+03 -1.2832e+04 1.2870e+04 1.4505e+02 2.3706e+01
9.1152e+01 -1.4869e+04 1.4899e+04 2.6916e+02 -9.5562e+01
-1.3932e+03 -1.7112e+04 1.7158e+04 1.4575e+02 -3.1532e+01
-2.8920e+03 -1.9671e+04 1.9606e+04 -5.8556e+01 1.0887e+02
6.2912e+03 -6.1073e+03 6.1178e+03 7.0930e+01 -1.2160e+02
7.2846e+03 -6.0468e+03 6.0553e+03 1.2468e+02 1.2578e+02
8.8198e+03 -5.9509e+03 5.9612e+03 3.2726e+01 -1.5259e+02
1.0548e+04 -5.8441e+03 5.8540e+03 1.2537e+02 -7.2494e+00
1.2737e+04 -5.7079e+03 5.7192e+03 1.1412e+02 -1.3192e+02
1.5264e+04 -5.5518e+03 5.5624e+03 1.0907e+02 1.3734e+02
1.8112e+04 -5.3786e+03 5.3830e+03 2.4625e+02 -1.1943e+02
2.1268e+04 -5.1857e+03 5.1851e+03 1.1272e+02 1.3492e+02
2.4720e+04 -4.9730e+03 4.9704e+03 1.2588e+02 -1.2232e+02
-1.9646e+03 2.0506e+03 -2.0688e+03 2.9338e+02 -4.5336e+01
-4.1133e+03 4.2889e+03 -4.3359e+03 2.4473e+02 1.2061e+02
7.4249e+03 -8.2951e+03 8.3222e+03 1.4537e+02 2.5056e+01
6.9575e+03 -9.0033e+03 9.0315e+03 -8.8437e+01 -5.8766e+01
6.2822e+03 -1.0019e+04 1.0064e+04 7.8762e+01 -1.2955e+02
5.4223e+03 -1.1318e+04 1.1373e+04 1.4759e+02 2.8086e+01
4.3925e+03 -1.2874e+04 1.2941e+04 4.4766e+01 -4.9032e+01
3.2039e+03 -1.4683e+04 1.4738e+04 4.3535e+01 1.5580e+02
1.8641e+03 -1.6719e+04 1.6766e+04 2.0751e+02 1.4115e+02
3.7969e+02 -1.8963e+04 1.9026e+04 4.2826e+01 -6.2594e+01
-1.1191e+03 -2.1521e+04 2.1473e+04 -2.1715e+01 -1.3373e+02
8.0641e+03 -7.9579e+03 7.9852e+03 2.8348e+02 -7.1456e+01
9.0575e+03 -7.8974e+03 7.9227e+03 -8.6887e+01 6.4104e+01
1.0593e+04 -7.8014e+03 7.8286e+03 1.4489e+02 -2.7644e+01
1.2321e+04 -7.6947e+03 7.7215e+03 5.5331e+01 -1.0136e+02
1.4510e+04 -7.5585e+03 7.5866e+03 1.0122e+02 -3.6619e-02
1.7037e+04 -7.4024e+03 7.4298e+03 -9.5067e+01 4.0088e+01
1.9885e+04 -7.2291e+03 7.2504e+03 2.3581e+02 1.2634e+02
2.3041e+04 -7.0362e+03 7.0525e+03 -9.3585e+01 4.5476e+01
2.6493e+04 -6.8235e+03 6.8378e+03 9.1239e+01 -6.2976e-01
-2.1486e+03 2.2383e+03 -2.2671e+03 2.0786e+02 1.4314e+02
9.3895e+03 -1.0346e+04 1.0391e+04 1.5499e+02 4.9704e+01
8.9222e+03 -1.1054e+04 1.1100e+04 -6.5619e+01 -9.7615e+01
8.2468e+03 -1.2070e+04 1.2133e+04 1.1003e+02 -1.4773e+02
7.3869e+03 -1.3368e+04 1.3442e+04 1.5594e+02 5.3535e+01
6.3572e+03 -1.4924e+04 1.5010e+04 4.5139e+01 -7.7743e+01
5.1685e+03 -1.6733e+04 1.6806e+04 2.9120e+00 1.4885e+02
3.8287e+03 -1.8770e+04 1.8835e+04 1.6753e+02 1.5096e+02
2.3443e+03 -2.1013e+04 2.1095e+04 4.8536e+01 -9.2028e+01
8.4558e+02 -2.3572e+04 2.3542e+04 1.7507e+01 -1.4813e+02
1.0029e+04 -1.0008e+04 1.0054e+04 2.9767e+02 -2.8078e+01
1.1022e+04 -9.9480e+03 9.9915e+03 -9.8852e+01 1.9981e+01
1.2557e+04 -9.8520e+03 9.8975e+03 1.2820e+02 -9.3975e+00
1.4286e+04 -9.7452e+03 9.7903e+03 7.6197e+01 -1.2733e+02
1.6474e+04 -9.6090e+03 9.6554e+03 7.8193e+01 -4.4256e+00
1.9002e+04 -9.4530e+03 9.4986e+03 -9.9861e+01 -5.5175e+00
2.1850e+04 -9.2797e+03 9.3192e+03 1.9779e+02 1.4566e+02
2.5006e+04 -9.0868e+03 9.1214e+03 -9.9989e+01 8.8778e-02
2.8457e+04 -8.8741e+03 8.9066e+03 6.9293e+01 -9.5674e+00
1.1538e+04 -1.2584e+04 1.2658e+04 8.4277e+01 3.0257e+00
1.1071e+04 -1.3292e+04 1.3367e+04 -8.1795e+01 7.5246e+01
1.0395e+04 -1.4308e+04 1.4400e+04 4.4794e+01 -4.7794e+01
9.5355e+03 -1.5607e+04 1.5709e+04 8.7710e+01 2.0036e+00
8.5058e+03 -1.7163e+04 1.7277e+04 9.2809e+01 -2.2483e-01
7.3172e+03 -1.8972e+04 1.9074e+04 1.4032e+02 1.1146e+02
5.9774e+03 -2.1008e+04 2.1102e+04 2.9312e+02 4.4224e+01
4.4930e+03 -2.3252e+04 2.3362e+04 8.1112e+01 -2.5823e+00
2.9942e+03 -2.5810e+04 2.5809e+04 -9.7134e+01 -2.7307e+01
1.2177e+04 -1.2247e+04 1.2321e+04 1.8399e+02 -1.5205e+02
1.3171e+04 -1.2186e+04 1.2259e+04 8.8228e+00 1.5018e+02
1.4706e+04 -1.2090e+04 1.2165e+04 1.3644e+02 -1.0846e+02
1.6434e+04 -1.1984e+04 1.2057e+04 5.6606e+01 -2.1551e+01
1.8623e+04 -1.1847e+04 1.1923e+04 1.5111e+02 -4.5262e+01
2.1150e+04 -1.1691e+04 1.1766e+04 -1.3117e+01 1.4179e+02
2.3999e+04 -1.1518e+04 1.1586e+04 2.9954e+02 1.0896e+01
2.7154e+04 -1.1325e+04 1.1388e+04 -8.3525e+00 1.4392e+02
3.0606e+04 -1.1112e+04 1.1174e+04 1.4774e+02 -3.4298e+01
-4.6736e+02 -7.0816e+02 7.0931e+02 8.0377e+01 4.0253e+00
-1.1427e+03 -1.7240e+03 1.7419e+03 -1.1216e+01 -1.4121e+02
-2.0026e+03 -3.0227e+03 3.0512e+03 2.9989e+02 5.6983e+00
-3.0323e+03 -4.5786e+03 4.6186e+03 -9.3805e+01 -4.3617e+01
-4.2210e+03 -6.3878e+03 6.4154e+03 1.2361e+02 1.4923e+02
-5.5608e+03 -8.4240e+03 8.4439e+03 6.0498e+01 -1.7415e+01
-7.0452e+03 -1.0668e+04 1.0704e+04 -8.6553e+01 -6.3065e+01
-8.5439e+03 -1.3226e+04 1.3151e+04 1.3378e+02 1.1487e+01
6.3921e+02 3.3722e+02 -3.3698e+02 1.5435e+02 -6.5218e+01
1.6327e+03 3.9772e+02 -3.9943e+02 4.5513e+01 6.0186e+01
3.1679e+03 4.9369e+02 -4.9353e+02 1.5069e+01 1.5034e+02
4.8960e+03 6.0046e+02 -6.0071e+02 -5.0767e+01 -1.1487e+02
7.0846e+03 7.3664e+02 -7.3554e+02 -6.5933e+01 9.8270e+01
9.6120e+03 8.9273e+02 -8.9236e+02 4.7200e+01 4.5137e+01
1.2460e+04 1.0660e+03 -1.0718e+03 7.6565e+01 -5.8510e+00
1.5616e+04 1.2589e+03 -1.2696e+03 4.6480e+01 4.8414e+01
1.9068e+04 1.4716e+03 -1.4844e+03 -7.7249e+01 8.1906e+01
-6.7538e+02 -1.0159e+03 1.0326e+03 1.4718e+02 9.4089e+01
-1.5353e+03 -2.3146e+03 2.3419e+03 7.7046e+01 -5.3945e+00
-2.5650e+03 -3.8704e+03 3.9092e+03 1.3916e+02 1.7659e+01
-3.7537e+03 -5.6797e+03 5.7061e+03 1.0660e+02 -1.4537e+02
-5.0935e+03 -7.7159e+03 7.7345e+03 -5.4889e+01 -1.1001e+02
-6.5778e+03 -9.9594e+03 9.9944e+03 1.4706e+02 2.7467e+01
-8.0766e+03 -1.2518e+04 1.2442e+04 2.6585e+02 9.7191e+01
1.1066e+03 1.0454e+03 -1.0463e+03 -4.7458e+01 1.1771e+02
2.1000e+03 1.1059e+03 -1.1087e+03 2.5321e+02 -1.1235e+02
3.6352e+03 1.2018e+03 -1.2028e+03 4.5415e+01 6.2672e+01
5.3634e+03 1.3086e+03 -1.3100e+03 1.5423e+02 6.2160e+01
7.5520e+03 1.4448e+03 -1.4448e+03 6.8410e+01 1.0904e+01
1.0079e+04 1.6009e+03 -1.6017e+03 2.6940e+02 -9.3645e+01
1.2928e+04 1.7742e+03 -1.7811e+03 -7.5949e+01 -8.4340e+01
1.6084e+04 1.9671e+03 -1.9789e+03 2.6607e+02 -9.7978e+01
1.9535e+04 2.1797e+03 -2.1937e+03 7.7105e+01 5.3737e+00
-8.5989e+02 -1.2987e+03 1.3093e+03 -1.6180e+01 1.3916e+02
-1.8896e+03 -2.8546e+03 2.8767e+03 2.4645e+02 -1.1899e+02
-3.0783e+03 -4.6638e+03 4.6735e+03 -6.8638e+01 -9.4370e+01
-4.4181e+03 -6.7000e+03 6.7020e+03 5.8649e+01 2.1973e+01
-5.9025e+03 -8.9436e+03 8.9618e+03 2.6110e+02 -1.0501e+02
-7.4012e+03 -1.1502e+04 1.1409e+04 1.4547e+02 -2.9526e+01
1.7819e+03 2.0612e+03 -2.0789e+03 1.3229e+02 1.5232e+02
2.7754e+03 2.1217e+03 -2.1413e+03 7.4409e+01 -1.5096e+02
4.3106e+03 2.2177e+03 -2.2354e+03 5.7875e+01 -1.0264e+02
6.0387e+03 2.3245e+03 -2.3426e+03 2.9204e+02 -4.9568e+01
8.2274e+03 2.4607e+03 -2.4774e+03 1.1982e+02 -1.4877e+02
1.0755e+04 2.6167e+03 -2.6343e+03 9.4188e+01 -1.4455e+02
1.3603e+04 2.7900e+03 -2.8137e+03 4.8341e+01 4.0011e+01
1.6759e+04 2.9829e+03 -3.0115e+03 9.0002e+01 -1.4630e+02
2.0211e+04 3.1956e+03 -3.2262e+03 1.3633e+02 -1.5223e+02
-1.0297e+03 -1.5559e+03 1.5673e+03 -9.5344e+01 -3.8150e+01
-2.2184e+03 -3.3651e+03 3.3642e+03 1.2828e+02 1.5077e+02
-3.5582e+03 -5.4013e+03 5.3926e+03 6.3252e+01 -1.4965e+01
-5.0426e+03 -7.6448e+03 7.6525e+03 -8.8840e+01 -5.7896e+01
-6.5413e+03 -1.0203e+04 1.0100e+04 1.3074e+02 9.4826e+00
2.6418e+03 3.3600e+03 -3.3882e+03 1.5446e+02 -6.9270e+01
3.6353e+03 3.4205e+03 -3.4506e+03 4.5139e+01 6.4184e+01
5.1705e+03 3.5164e+03 -3.5447e+03 2.0242e+01 1.5109e+02
6.8986e+03 3.6232e+03 -3.6519e+03 -5.4880e+01 -1.1117e+02
9.0873e+03 3.7594e+03 -3.7867e+03 -6.2240e+01 1.0244e+02
1.1615e+04 3.9155e+03 -3.9436e+03 4.6035e+01 4.8862e+01
1.4463e+04 4.0887e+03 -4.1230e+03 7.9871e+01 -4.4202e+00
1.7619e+04 4.2817e+03 -4.3208e+03 4.5486e+01 5.2214e+01
2.1071e+04 4.4943e+03 -4.5356e+03 -7.4124e+01 8.6566e+01
-1.1887e+03 -1.8092e+03 1.7968e+03 3.8965e+01 -1.5357e+02
-2.5285e+03 -3.8454e+03 3.8253e+03 1.1987e+02 3.9018e+00
-4.0128e+03 -6.0890e+03 6.0851e+03 2.9855e+02 2.0850e+01
-5.5116e+03 -8.6476e+03 8.5326e+03 8.7431e+01 -1.3423e+00
3.6716e+03 4.9158e+03 -4.9555e+03 5.1987e+01 9.3726e+01
4.6650e+03 4.9763e+03 -5.0180e+03 1.5009e+02 -8.8643e+01
6.2002e+03 5.0723e+03 -5.1121e+03 1.4614e+02 -1.5302e+02
7.9283e+03 5.1791e+03 -5.2193e+03 2.7787e+02 8.1513e+01
1.0117e+04 5.3152e+03 -5.3541e+03 2.3489e+02 -1.2720e+02
1.2644e+04 5.4713e+03 -5.5109e+03 1.5433e+02 -7.2656e+01
1.5493e+04 5.6446e+03 -5.6903e+03 1.0099e+02 2.3036e-02
1.8649e+04 5.8375e+03 -5.8882e+03 1.5376e+02 -7.6250e+01
2.2100e+04 6.0502e+03 -6.1029e+03 2.4992e+02 -1.1497e+02
-1.3398e+03 -2.0362e+03 2.0285e+03 1.5163e+02 -8.0159e+01
-2.8242e+03 -4.2798e+03 4.2883e+03 2.0287e+01 1.5203e+02
-4.3229e+03 -6.8384e+03 6.7357e+03 5.2480e+01 9.0241e+01
4.8602e+03 6.7250e+03 -6.7524e+03 -2.0400e+01 -1.3753e+02
5.8537e+03 6.7855e+03 -6.8148e+03 2.1361e+02 1.4103e+02
7.3889e+03 6.8815e+03 -6.9089e+03 1.5037e+02 4.0002e+01
9.1170e+03 6.9883e+03 -7.0161e+03 -3.3746e+01 1.2783e+02
1.1306e+04 7.1245e+03 -7.1509e+03 1.4092e+02 1.0313e+02
1.3833e+04 7.2805e+03 -7.3078e+03 1.9172e+02 1.4947e+02
1.6681e+04 7.4538e+03 -7.4872e+03 1.4372e+02 -1.0294e+02
1.9837e+04 7.6467e+03 -7.6850e+03 1.9662e+02 1.4799e+02
2.3289e+04 7.8594e+03 -7.8997e+03 1.3246e+02 1.1463e+02
-1.4844e+03 -2.2436e+03 2.2598e+03 1.0836e+02 -7.4768e-01
-2.9831e+03 -4.8022e+03 4.7073e+03 -9.9090e+01 1.7460e+01
6.2000e+03 8.7612e+03 -8.7808e+03 1.4373e+02 -1.5234e+02
7.1935e+03 8.8217e+03 -8.8433e+03 4.9294e+01 1.5275e+02
8.7287e+03 8.9177e+03 -8.9374e+03 1.1342e+02 -1.3514e+02
1.0457e+04 9.0245e+03 -9.0446e+03 7.9180e+01 -5.0033e+00
1.2645e+04 9.1607e+03 -9.1794e+03 1.5432e+02 -7.5951e+01
1.5173e+04 9.3167e+03 -9.3362e+03 2.7132e+01 1.5152e+02
1.8021e+04 9.4900e+03 -9.5156e+03 2.9618e+02 -3.3791e+01
2.1177e+04 9.6829e+03 -9.7135e+03 3.2056e+01 1.5206e+02
2.4629e+04 9.8956e+03 -9.9282e+03 1.5583e+02 -6.3315e+01
-1.4988e+03 -2.5586e+03 2.4474e+03 9.9247e+01 -1.3302e-03
7.6844e+03 1.1005e+04 -1.1041e+04 5.8461e+01 1.0748e+02
8.6778e+03 1.1065e+04 -1.1103e+04 1.4457e+02 -1.0261e+02
1.0213e+04 1.1161e+04 -1.1197e+04 1.2851e+02 -1.4970e+02
1.1941e+04 1.1268e+04 -1.1304e+04 2.8742e+02 6.3168e+01
1.4130e+04 1.1404e+04 -1.1439e+04 2.1775e+02 -1.3696e+02
1.6657e+04 1.1560e+04 -1.1596e+04 1.5179e+02 -8.6896e+01
1.9506e+04 1.1734e+04 -1.1775e+04 8.9134e+01 8.8563e-01
2.2661e+04 1.1926e+04 -1.1973e+04 1.5055e+02 -9.0484e+01
2.6113e+04 1.2139e+04 -1.2188e+04 2.3402e+02 -1.2709e+02
9.1832e+03 1.3563e+04 -1.3488e+04 4.1496e+01 1.5218e+02
1.0177e+04 1.3624e+04 -1.3551e+04 1.6561e+02 -1.5179e+02
1.1712e+04 1.3720e+04 -1.3645e+04 7.5882e+01 1.2785e+02
1.3440e+04 1.3827e+04 -1.3752e+04 1.2749e+02 9.2105e+00
1.5629e+04 1.3963e+04 -1.3887e+04 4.3687e+01 6.5734e+01
1.8156e+04 1.4119e+04 -1.4043e+04 1.8788e+02 -1.4803e+02
2.1004e+04 1.4292e+04 -1.4223e+04 -9.8971e+01 1.6571e+01
2.4160e+04 1.4485e+04 -1.4421e+04 1.8297e+02 -1.4913e+02
2.7612e+04 1.4698e+04 -1.4635e+04 4.3907e+01 5.3380e+01
9.9344e+02 6.0503e+01 -6.2448e+01 -9.9791e+01 -8.1865e+00
2.5286e+03 1.5647e+02 -1.5654e+02 1.1778e+02 -3.2452e+00
4.2568e+03 2.6324e+02 -2.6373e+02 9.3959e+01 -1.3812e+02
6.4454e+03 3.9942e+02 -3.9855e+02 6.8080e+01 -1.1339e+01
8.9728e+03 5.5551e+02 -5.5538e+02 -9.6471e+01 -3.3462e+01
1.1821e+04 7.2877e+02 -7.3478e+02 1.7375e+02 1.5262e+02
1.4977e+04 9.2169e+02 -9.3264e+02 -9.7551e+01 -2.7971e+01
1.8429e+04 1.1344e+03 -1.1474e+03 6.0531e+01 -1.8733e+01
1.5352e+03 9.5962e+01 -9.4096e+01 7.8411e+01 4.8622e+00
3.2633e+03 2.0273e+02 -2.0128e+02 1.1144e+02 1.3479e+02
5.4520e+03 3.3892e+02 -3.3611e+02 1.2851e+02 8.8308e+00
7.9794e+03 4.9501e+02 -4.9293e+02 2.9797e+02 2.5429e+01
1.0828e+04 6.6827e+02 -6.7233e+02 1.9060e+01 -1.5135e+02
1.3984e+04 8.6119e+02 -8.7019e+02 2.9877e+02 1.9884e+01
1.7435e+04 1.0739e+03 -1.0849e+03 1.3653e+02 1.5539e+01
1.7282e+03 1.0677e+02 -1.0718e+02 8.2067e+01 1.3021e+02
3.9168e+03 2.4296e+02 -2.4201e+02 2.6752e+02 9.6337e+01
6.4442e+03 3.9904e+02 -3.9884e+02 6.7435e+01 -1.1860e+01
9.2925e+03 5.7231e+02 -5.7824e+02 1.3223e+02 1.1666e+02
1.2448e+04 7.6523e+02 -7.7610e+02 6.9823e+01 -1.0042e+01
1.5900e+04 9.7789e+02 -9.9083e+02 2.5457e+02 1.1122e+02
2.1886e+03 1.3618e+02 -1.3483e+02 1.6229e+02 -1.5371e+02
4.7160e+03 2.9227e+02 -2.9165e+02 1.2650e+02 -1.2286e+02
7.5644e+03 4.6554e+02 -4.7105e+02 6.2826e+01 1.5999e+01
1.0720e+04 6.5845e+02 -6.6891e+02 1.2345e+02 -1.2576e+02
1.4172e+04 8.7112e+02 -8.8364e+02 1.8011e+02 -1.5134e+02
2.5274e+03 1.5609e+02 -1.5683e+02 1.1702e+02 -2.9679e+00
5.3758e+03 3.2935e+02 -3.3623e+02 1.5400e+02 5.3347e+01
8.5316e+03 5.2227e+02 -5.3409e+02 1.1975e+02 -4.0181e+00
1.1983e+04 7.3494e+02 -7.4882e+02 2.9872e+02 2.0303e+01
2.8484e+03 1.7326e+02 -1.7940e+02 -3.1301e+00 -1.4482e+02
6.0042e+03 3.6618e+02 -3.7726e+02 2.9990e+02 -5.6074e+00
9.4560e+03 5.7885e+02 -5.9199e+02 1.2620e+02 7.3769e+00
3.1559e+03 1.9292e+02 -1.9786e+02 1.7196e+00 1.4654e+02
6.6076e+03 4.0559e+02 -4.1259e+02 1.5186e+02 -4.1722e+01
3.4517e+03 2.1267e+02 -2.1473e+02 1.2872e+02 8.9617e+00
